{
 "cells": [
  {
   "cell_type": "markdown",
   "metadata": {},
   "source": [
    "# Visualisierung als Netzwerk"
   ]
  },
  {
   "cell_type": "markdown",
   "metadata": {},
   "source": [
    "In der vorherigen Einheit wurden Topics für einzelne Dokumente ausgegeben. Das ist zwar durchaus aufschlussreich, ist bei großen Corpora aber ein zeitaufwändiger Prozess. Nicht nur zeitökonomisch, auch analytisch kann es Gründe geben, anders auf Topic Models zu gucken: Wenn es darum geht, größere Strukturen sichtbar zu machen, ist eine abstraktere Betrachtung der Ergebnisse interessant.\n",
    "\n",
    "Visualisierungen können helfen, Strukturen in großen Datenmengen sichtbar zu machen. Sie sind dabei nicht nur die Repräsentation eines Analyseergebnisses, sondern Teil des Analyseprozesses selbst. Hierfür gibt es den Begriff der *visual analytics*. Die Informationen, die ein Topic Model enthält, können mit Hilfe von Visualisierungen sichtbar gemacht werden. Eine Möglichkeit ist hierbei die Darstellung als Netzwerk.\n",
    "\n",
    "Für eine interessante Diskussion unterschiedlicher Visualisierungsmöglichkeiten siehe auch [diesen Blogpost](http://tedunderwood.com/2012/11/11/visualizing-topic-models/).\n",
    "\n",
    "Zunächst wird das zuvor erstellt Topic Model wieder geladen:"
   ]
  },
  {
   "cell_type": "code",
   "execution_count": 1,
   "metadata": {
    "collapsed": false
   },
   "outputs": [],
   "source": [
    "from cPickle import load\n",
    "\n",
    "with open('../07_Topic_Modeling/topicmodel20.pickle', 'rb') as picklefile:\n",
    "    ldamodel = load(picklefile)"
   ]
  },
  {
   "cell_type": "markdown",
   "metadata": {},
   "source": [
    "Die zentralen Informationen des Modells sind in zwei Matrizen gespeichert:"
   ]
  },
  {
   "cell_type": "code",
   "execution_count": 2,
   "metadata": {
    "collapsed": false
   },
   "outputs": [
    {
     "data": {
      "text/plain": [
       "(20, 10346)"
      ]
     },
     "execution_count": 2,
     "metadata": {},
     "output_type": "execute_result"
    }
   ],
   "source": [
    "ldamodel.topic_word_.shape"
   ]
  },
  {
   "cell_type": "code",
   "execution_count": 3,
   "metadata": {
    "collapsed": false
   },
   "outputs": [
    {
     "data": {
      "text/plain": [
       "(614, 20)"
      ]
     },
     "execution_count": 3,
     "metadata": {},
     "output_type": "execute_result"
    }
   ],
   "source": [
    "ldamodel.doc_topic_.shape"
   ]
  },
  {
   "cell_type": "markdown",
   "metadata": {},
   "source": [
    "Die Matrizen beinhalten die Beziehungen zwischen Topics und Wörtern (welche Wörter gehören zu welchem Topic?) sowie Dokumenten und Topics (welche Topics gehören zu welchem Dokument?). Dabei gibt es keine Trennlinie, die eine klare Antwort auf diese Fragen gibt, die Werte in den Matrizen sind vielmehr graduell.\n",
    "\n",
    "Für die spätere Verwendung lässt sich aus den Dimensionen der Matrizen die Anzahl der Topics, Wörter und Dokumente ermitteln:"
   ]
  },
  {
   "cell_type": "code",
   "execution_count": 4,
   "metadata": {
    "collapsed": false
   },
   "outputs": [],
   "source": [
    "n_topics, n_words = ldamodel.topic_word_.shape\n",
    "n_docs, n_topics = ldamodel.doc_topic_.shape"
   ]
  },
  {
   "cell_type": "markdown",
   "metadata": {},
   "source": [
    "Es ist zu vermuten, dass der Zusammenhang von Dokumenten und Topics nicht ganz zufällig ist. Es könnte interessant sein, zu sehen, welche Topics sich etwa ähnlich auf die Dokumente verteilen. Wenn zwei Topics eine ähnliche Dokumentzuordnung aufweisen, ist zu vermuten, dass sie auch inhaltlich einen Zusammenhang haben.\n",
    "\n",
    "Ein relativ simples Verfahren wäre etwa, sich für jedes Dokument die drei (vier, fünf) wichtigsten Topics ausgeben zu lassen und diese als miteinander verbunden zu verstehen. Daraus ließe sich ein Netzwerk von Topics erstellen, dessen Kanten die Zuordnung zu gleichen Dokumenten wären.\n",
    "\n",
    "Eine andere Möglichkeit ist ein statistischer Ansatz. So lassen sich aus den Dokumentverteilungen Korrelationen berechnen: Die doc_topic-Tabelle enthält Dokumente als Zeilen und Topics als Spalten. Wenn man nun paarweise die Korrelationen zwischen Topics (Spalten) berechnet, lässt sich dies als Hinweis auf die Beziehungsstärke zweier Topics verstehen. Dieses Verfahren nutzt mehr Informationen als der erste Ansatz (nicht nur die ersten drei Topics), und kann Beziehungen gradueller darstellen (nämlich als Korrelationsstärke).\n",
    "\n",
    "Ein `pandas.DataFrame` stellt eine komfortable Möglichkeit bereit, Korrelationen zwischen Spalten zu berechnen. Hier wird standardmäßig Pearson’s R verwendet. Das Ergebnis ist eine quadratische Matrix von Topic zu Topic, die die Korrelationsstärke aller Paare beinhaltet."
   ]
  },
  {
   "cell_type": "code",
   "execution_count": 5,
   "metadata": {
    "collapsed": false
   },
   "outputs": [
    {
     "data": {
      "text/html": [
       "<div style=\"max-height:1000px;max-width:1500px;overflow:auto;\">\n",
       "<table border=\"1\" class=\"dataframe\">\n",
       "  <thead>\n",
       "    <tr style=\"text-align: right;\">\n",
       "      <th></th>\n",
       "      <th>0</th>\n",
       "      <th>1</th>\n",
       "      <th>2</th>\n",
       "      <th>3</th>\n",
       "      <th>4</th>\n",
       "      <th>5</th>\n",
       "      <th>6</th>\n",
       "      <th>7</th>\n",
       "      <th>8</th>\n",
       "      <th>9</th>\n",
       "      <th>10</th>\n",
       "      <th>11</th>\n",
       "      <th>12</th>\n",
       "      <th>13</th>\n",
       "      <th>14</th>\n",
       "      <th>15</th>\n",
       "      <th>16</th>\n",
       "      <th>17</th>\n",
       "      <th>18</th>\n",
       "      <th>19</th>\n",
       "    </tr>\n",
       "  </thead>\n",
       "  <tbody>\n",
       "    <tr>\n",
       "      <th>0 </th>\n",
       "      <td> 1.000000</td>\n",
       "      <td>-0.240488</td>\n",
       "      <td>-0.235736</td>\n",
       "      <td>-0.233907</td>\n",
       "      <td>-0.155010</td>\n",
       "      <td> 0.073751</td>\n",
       "      <td> 0.319757</td>\n",
       "      <td>-0.236095</td>\n",
       "      <td>-0.128879</td>\n",
       "      <td> 0.057253</td>\n",
       "      <td> 0.069757</td>\n",
       "      <td>-0.109916</td>\n",
       "      <td>-0.159303</td>\n",
       "      <td> 0.184835</td>\n",
       "      <td>-0.111101</td>\n",
       "      <td> 0.051682</td>\n",
       "      <td>-0.034295</td>\n",
       "      <td> 0.151951</td>\n",
       "      <td> 0.077930</td>\n",
       "      <td>-0.033813</td>\n",
       "    </tr>\n",
       "    <tr>\n",
       "      <th>1 </th>\n",
       "      <td>-0.240488</td>\n",
       "      <td> 1.000000</td>\n",
       "      <td> 0.061707</td>\n",
       "      <td>-0.209117</td>\n",
       "      <td>-0.070316</td>\n",
       "      <td>-0.128018</td>\n",
       "      <td>-0.092926</td>\n",
       "      <td> 0.154205</td>\n",
       "      <td>-0.091998</td>\n",
       "      <td>-0.059900</td>\n",
       "      <td>-0.183065</td>\n",
       "      <td>-0.196961</td>\n",
       "      <td>-0.106808</td>\n",
       "      <td>-0.287320</td>\n",
       "      <td> 0.119700</td>\n",
       "      <td>-0.129344</td>\n",
       "      <td>-0.114750</td>\n",
       "      <td>-0.079504</td>\n",
       "      <td>-0.067454</td>\n",
       "      <td>-0.089174</td>\n",
       "    </tr>\n",
       "    <tr>\n",
       "      <th>2 </th>\n",
       "      <td>-0.235736</td>\n",
       "      <td> 0.061707</td>\n",
       "      <td> 1.000000</td>\n",
       "      <td>-0.314236</td>\n",
       "      <td> 0.142806</td>\n",
       "      <td>-0.192643</td>\n",
       "      <td>-0.199044</td>\n",
       "      <td>-0.015310</td>\n",
       "      <td> 0.039074</td>\n",
       "      <td>-0.172780</td>\n",
       "      <td>-0.291848</td>\n",
       "      <td>-0.300100</td>\n",
       "      <td>-0.197728</td>\n",
       "      <td>-0.471223</td>\n",
       "      <td> 0.036906</td>\n",
       "      <td>-0.005109</td>\n",
       "      <td>-0.207350</td>\n",
       "      <td>-0.068967</td>\n",
       "      <td> 0.017309</td>\n",
       "      <td>-0.091844</td>\n",
       "    </tr>\n",
       "    <tr>\n",
       "      <th>3 </th>\n",
       "      <td>-0.233907</td>\n",
       "      <td>-0.209117</td>\n",
       "      <td>-0.314236</td>\n",
       "      <td> 1.000000</td>\n",
       "      <td>-0.202424</td>\n",
       "      <td> 0.062739</td>\n",
       "      <td>-0.120000</td>\n",
       "      <td>-0.255410</td>\n",
       "      <td>-0.141374</td>\n",
       "      <td>-0.071428</td>\n",
       "      <td> 0.109886</td>\n",
       "      <td> 0.510130</td>\n",
       "      <td> 0.255557</td>\n",
       "      <td> 0.433963</td>\n",
       "      <td>-0.181590</td>\n",
       "      <td> 0.025340</td>\n",
       "      <td> 0.498237</td>\n",
       "      <td>-0.111729</td>\n",
       "      <td>-0.148190</td>\n",
       "      <td>-0.019979</td>\n",
       "    </tr>\n",
       "    <tr>\n",
       "      <th>4 </th>\n",
       "      <td>-0.155010</td>\n",
       "      <td>-0.070316</td>\n",
       "      <td> 0.142806</td>\n",
       "      <td>-0.202424</td>\n",
       "      <td> 1.000000</td>\n",
       "      <td>-0.131101</td>\n",
       "      <td>-0.135250</td>\n",
       "      <td>-0.056783</td>\n",
       "      <td> 0.219947</td>\n",
       "      <td>-0.104511</td>\n",
       "      <td>-0.187800</td>\n",
       "      <td>-0.179504</td>\n",
       "      <td>-0.125529</td>\n",
       "      <td>-0.290484</td>\n",
       "      <td>-0.066710</td>\n",
       "      <td>-0.012124</td>\n",
       "      <td>-0.116895</td>\n",
       "      <td>-0.077563</td>\n",
       "      <td> 0.030472</td>\n",
       "      <td>-0.081852</td>\n",
       "    </tr>\n",
       "    <tr>\n",
       "      <th>5 </th>\n",
       "      <td> 0.073751</td>\n",
       "      <td>-0.128018</td>\n",
       "      <td>-0.192643</td>\n",
       "      <td> 0.062739</td>\n",
       "      <td>-0.131101</td>\n",
       "      <td> 1.000000</td>\n",
       "      <td>-0.089307</td>\n",
       "      <td>-0.163260</td>\n",
       "      <td>-0.096853</td>\n",
       "      <td> 0.001530</td>\n",
       "      <td> 0.092732</td>\n",
       "      <td> 0.024347</td>\n",
       "      <td>-0.005125</td>\n",
       "      <td> 0.155804</td>\n",
       "      <td>-0.101892</td>\n",
       "      <td> 0.010605</td>\n",
       "      <td> 0.031415</td>\n",
       "      <td>-0.007543</td>\n",
       "      <td>-0.095382</td>\n",
       "      <td>-0.000211</td>\n",
       "    </tr>\n",
       "    <tr>\n",
       "      <th>6 </th>\n",
       "      <td> 0.319757</td>\n",
       "      <td>-0.092926</td>\n",
       "      <td>-0.199044</td>\n",
       "      <td>-0.120000</td>\n",
       "      <td>-0.135250</td>\n",
       "      <td>-0.089307</td>\n",
       "      <td> 1.000000</td>\n",
       "      <td>-0.131652</td>\n",
       "      <td>-0.122269</td>\n",
       "      <td>-0.080258</td>\n",
       "      <td>-0.115662</td>\n",
       "      <td> 0.111898</td>\n",
       "      <td>-0.152621</td>\n",
       "      <td> 0.321647</td>\n",
       "      <td>-0.102148</td>\n",
       "      <td>-0.018155</td>\n",
       "      <td>-0.071944</td>\n",
       "      <td> 0.001572</td>\n",
       "      <td> 0.014486</td>\n",
       "      <td>-0.124249</td>\n",
       "    </tr>\n",
       "    <tr>\n",
       "      <th>7 </th>\n",
       "      <td>-0.236095</td>\n",
       "      <td> 0.154205</td>\n",
       "      <td>-0.015310</td>\n",
       "      <td>-0.255410</td>\n",
       "      <td>-0.056783</td>\n",
       "      <td>-0.163260</td>\n",
       "      <td>-0.131652</td>\n",
       "      <td> 1.000000</td>\n",
       "      <td>-0.137578</td>\n",
       "      <td> 0.185675</td>\n",
       "      <td>-0.254794</td>\n",
       "      <td>-0.311383</td>\n",
       "      <td> 0.237230</td>\n",
       "      <td>-0.330774</td>\n",
       "      <td> 0.255114</td>\n",
       "      <td>-0.214128</td>\n",
       "      <td>-0.194228</td>\n",
       "      <td>-0.055369</td>\n",
       "      <td>-0.034705</td>\n",
       "      <td>-0.046849</td>\n",
       "    </tr>\n",
       "    <tr>\n",
       "      <th>8 </th>\n",
       "      <td>-0.128879</td>\n",
       "      <td>-0.091998</td>\n",
       "      <td> 0.039074</td>\n",
       "      <td>-0.141374</td>\n",
       "      <td> 0.219947</td>\n",
       "      <td>-0.096853</td>\n",
       "      <td>-0.122269</td>\n",
       "      <td>-0.137578</td>\n",
       "      <td> 1.000000</td>\n",
       "      <td>-0.089616</td>\n",
       "      <td>-0.089903</td>\n",
       "      <td>-0.120842</td>\n",
       "      <td>-0.123754</td>\n",
       "      <td>-0.192877</td>\n",
       "      <td>-0.080858</td>\n",
       "      <td> 0.009507</td>\n",
       "      <td> 0.019488</td>\n",
       "      <td>-0.086913</td>\n",
       "      <td> 0.281763</td>\n",
       "      <td>-0.093953</td>\n",
       "    </tr>\n",
       "    <tr>\n",
       "      <th>9 </th>\n",
       "      <td> 0.057253</td>\n",
       "      <td>-0.059900</td>\n",
       "      <td>-0.172780</td>\n",
       "      <td>-0.071428</td>\n",
       "      <td>-0.104511</td>\n",
       "      <td> 0.001530</td>\n",
       "      <td>-0.080258</td>\n",
       "      <td> 0.185675</td>\n",
       "      <td>-0.089616</td>\n",
       "      <td> 1.000000</td>\n",
       "      <td>-0.054176</td>\n",
       "      <td>-0.141247</td>\n",
       "      <td> 0.077633</td>\n",
       "      <td>-0.056631</td>\n",
       "      <td>-0.052369</td>\n",
       "      <td>-0.093180</td>\n",
       "      <td>-0.011973</td>\n",
       "      <td>-0.053306</td>\n",
       "      <td>-0.069815</td>\n",
       "      <td> 0.033830</td>\n",
       "    </tr>\n",
       "    <tr>\n",
       "      <th>10</th>\n",
       "      <td> 0.069757</td>\n",
       "      <td>-0.183065</td>\n",
       "      <td>-0.291848</td>\n",
       "      <td> 0.109886</td>\n",
       "      <td>-0.187800</td>\n",
       "      <td> 0.092732</td>\n",
       "      <td>-0.115662</td>\n",
       "      <td>-0.254794</td>\n",
       "      <td>-0.089903</td>\n",
       "      <td>-0.054176</td>\n",
       "      <td> 1.000000</td>\n",
       "      <td> 0.144188</td>\n",
       "      <td>-0.058904</td>\n",
       "      <td> 0.133940</td>\n",
       "      <td>-0.163273</td>\n",
       "      <td> 0.074756</td>\n",
       "      <td>-0.026815</td>\n",
       "      <td> 0.134221</td>\n",
       "      <td>-0.079474</td>\n",
       "      <td> 0.365996</td>\n",
       "    </tr>\n",
       "    <tr>\n",
       "      <th>11</th>\n",
       "      <td>-0.109916</td>\n",
       "      <td>-0.196961</td>\n",
       "      <td>-0.300100</td>\n",
       "      <td> 0.510130</td>\n",
       "      <td>-0.179504</td>\n",
       "      <td> 0.024347</td>\n",
       "      <td> 0.111898</td>\n",
       "      <td>-0.311383</td>\n",
       "      <td>-0.120842</td>\n",
       "      <td>-0.141247</td>\n",
       "      <td> 0.144188</td>\n",
       "      <td> 1.000000</td>\n",
       "      <td>-0.067948</td>\n",
       "      <td> 0.479047</td>\n",
       "      <td>-0.175459</td>\n",
       "      <td> 0.226131</td>\n",
       "      <td> 0.136482</td>\n",
       "      <td> 0.003150</td>\n",
       "      <td>-0.133433</td>\n",
       "      <td>-0.076191</td>\n",
       "    </tr>\n",
       "    <tr>\n",
       "      <th>12</th>\n",
       "      <td>-0.159303</td>\n",
       "      <td>-0.106808</td>\n",
       "      <td>-0.197728</td>\n",
       "      <td> 0.255557</td>\n",
       "      <td>-0.125529</td>\n",
       "      <td>-0.005125</td>\n",
       "      <td>-0.152621</td>\n",
       "      <td> 0.237230</td>\n",
       "      <td>-0.123754</td>\n",
       "      <td> 0.077633</td>\n",
       "      <td>-0.058904</td>\n",
       "      <td>-0.067948</td>\n",
       "      <td> 1.000000</td>\n",
       "      <td> 0.008303</td>\n",
       "      <td>-0.037941</td>\n",
       "      <td>-0.118298</td>\n",
       "      <td> 0.067924</td>\n",
       "      <td>-0.069988</td>\n",
       "      <td>-0.107776</td>\n",
       "      <td> 0.046993</td>\n",
       "    </tr>\n",
       "    <tr>\n",
       "      <th>13</th>\n",
       "      <td> 0.184835</td>\n",
       "      <td>-0.287320</td>\n",
       "      <td>-0.471223</td>\n",
       "      <td> 0.433963</td>\n",
       "      <td>-0.290484</td>\n",
       "      <td> 0.155804</td>\n",
       "      <td> 0.321647</td>\n",
       "      <td>-0.330774</td>\n",
       "      <td>-0.192877</td>\n",
       "      <td>-0.056631</td>\n",
       "      <td> 0.133940</td>\n",
       "      <td> 0.479047</td>\n",
       "      <td> 0.008303</td>\n",
       "      <td> 1.000000</td>\n",
       "      <td>-0.096829</td>\n",
       "      <td> 0.035830</td>\n",
       "      <td> 0.289950</td>\n",
       "      <td>-0.038587</td>\n",
       "      <td>-0.052216</td>\n",
       "      <td>-0.104092</td>\n",
       "    </tr>\n",
       "    <tr>\n",
       "      <th>14</th>\n",
       "      <td>-0.111101</td>\n",
       "      <td> 0.119700</td>\n",
       "      <td> 0.036906</td>\n",
       "      <td>-0.181590</td>\n",
       "      <td>-0.066710</td>\n",
       "      <td>-0.101892</td>\n",
       "      <td>-0.102148</td>\n",
       "      <td> 0.255114</td>\n",
       "      <td>-0.080858</td>\n",
       "      <td>-0.052369</td>\n",
       "      <td>-0.163273</td>\n",
       "      <td>-0.175459</td>\n",
       "      <td>-0.037941</td>\n",
       "      <td>-0.096829</td>\n",
       "      <td> 1.000000</td>\n",
       "      <td>-0.100288</td>\n",
       "      <td>-0.098751</td>\n",
       "      <td>-0.076271</td>\n",
       "      <td>-0.022804</td>\n",
       "      <td>-0.069957</td>\n",
       "    </tr>\n",
       "    <tr>\n",
       "      <th>15</th>\n",
       "      <td> 0.051682</td>\n",
       "      <td>-0.129344</td>\n",
       "      <td>-0.005109</td>\n",
       "      <td> 0.025340</td>\n",
       "      <td>-0.012124</td>\n",
       "      <td> 0.010605</td>\n",
       "      <td>-0.018155</td>\n",
       "      <td>-0.214128</td>\n",
       "      <td> 0.009507</td>\n",
       "      <td>-0.093180</td>\n",
       "      <td> 0.074756</td>\n",
       "      <td> 0.226131</td>\n",
       "      <td>-0.118298</td>\n",
       "      <td> 0.035830</td>\n",
       "      <td>-0.100288</td>\n",
       "      <td> 1.000000</td>\n",
       "      <td>-0.026212</td>\n",
       "      <td> 0.139213</td>\n",
       "      <td>-0.094622</td>\n",
       "      <td>-0.103600</td>\n",
       "    </tr>\n",
       "    <tr>\n",
       "      <th>16</th>\n",
       "      <td>-0.034295</td>\n",
       "      <td>-0.114750</td>\n",
       "      <td>-0.207350</td>\n",
       "      <td> 0.498237</td>\n",
       "      <td>-0.116895</td>\n",
       "      <td> 0.031415</td>\n",
       "      <td>-0.071944</td>\n",
       "      <td>-0.194228</td>\n",
       "      <td> 0.019488</td>\n",
       "      <td>-0.011973</td>\n",
       "      <td>-0.026815</td>\n",
       "      <td> 0.136482</td>\n",
       "      <td> 0.067924</td>\n",
       "      <td> 0.289950</td>\n",
       "      <td>-0.098751</td>\n",
       "      <td>-0.026212</td>\n",
       "      <td> 1.000000</td>\n",
       "      <td>-0.052508</td>\n",
       "      <td> 0.036546</td>\n",
       "      <td>-0.084757</td>\n",
       "    </tr>\n",
       "    <tr>\n",
       "      <th>17</th>\n",
       "      <td> 0.151951</td>\n",
       "      <td>-0.079504</td>\n",
       "      <td>-0.068967</td>\n",
       "      <td>-0.111729</td>\n",
       "      <td>-0.077563</td>\n",
       "      <td>-0.007543</td>\n",
       "      <td> 0.001572</td>\n",
       "      <td>-0.055369</td>\n",
       "      <td>-0.086913</td>\n",
       "      <td>-0.053306</td>\n",
       "      <td> 0.134221</td>\n",
       "      <td> 0.003150</td>\n",
       "      <td>-0.069988</td>\n",
       "      <td>-0.038587</td>\n",
       "      <td>-0.076271</td>\n",
       "      <td> 0.139213</td>\n",
       "      <td>-0.052508</td>\n",
       "      <td> 1.000000</td>\n",
       "      <td>-0.055510</td>\n",
       "      <td> 0.002146</td>\n",
       "    </tr>\n",
       "    <tr>\n",
       "      <th>18</th>\n",
       "      <td> 0.077930</td>\n",
       "      <td>-0.067454</td>\n",
       "      <td> 0.017309</td>\n",
       "      <td>-0.148190</td>\n",
       "      <td> 0.030472</td>\n",
       "      <td>-0.095382</td>\n",
       "      <td> 0.014486</td>\n",
       "      <td>-0.034705</td>\n",
       "      <td> 0.281763</td>\n",
       "      <td>-0.069815</td>\n",
       "      <td>-0.079474</td>\n",
       "      <td>-0.133433</td>\n",
       "      <td>-0.107776</td>\n",
       "      <td>-0.052216</td>\n",
       "      <td>-0.022804</td>\n",
       "      <td>-0.094622</td>\n",
       "      <td> 0.036546</td>\n",
       "      <td>-0.055510</td>\n",
       "      <td> 1.000000</td>\n",
       "      <td>-0.090381</td>\n",
       "    </tr>\n",
       "    <tr>\n",
       "      <th>19</th>\n",
       "      <td>-0.033813</td>\n",
       "      <td>-0.089174</td>\n",
       "      <td>-0.091844</td>\n",
       "      <td>-0.019979</td>\n",
       "      <td>-0.081852</td>\n",
       "      <td>-0.000211</td>\n",
       "      <td>-0.124249</td>\n",
       "      <td>-0.046849</td>\n",
       "      <td>-0.093953</td>\n",
       "      <td> 0.033830</td>\n",
       "      <td> 0.365996</td>\n",
       "      <td>-0.076191</td>\n",
       "      <td> 0.046993</td>\n",
       "      <td>-0.104092</td>\n",
       "      <td>-0.069957</td>\n",
       "      <td>-0.103600</td>\n",
       "      <td>-0.084757</td>\n",
       "      <td> 0.002146</td>\n",
       "      <td>-0.090381</td>\n",
       "      <td> 1.000000</td>\n",
       "    </tr>\n",
       "  </tbody>\n",
       "</table>\n",
       "</div>"
      ],
      "text/plain": [
       "          0         1         2         3         4         5         6   \\\n",
       "0   1.000000 -0.240488 -0.235736 -0.233907 -0.155010  0.073751  0.319757   \n",
       "1  -0.240488  1.000000  0.061707 -0.209117 -0.070316 -0.128018 -0.092926   \n",
       "2  -0.235736  0.061707  1.000000 -0.314236  0.142806 -0.192643 -0.199044   \n",
       "3  -0.233907 -0.209117 -0.314236  1.000000 -0.202424  0.062739 -0.120000   \n",
       "4  -0.155010 -0.070316  0.142806 -0.202424  1.000000 -0.131101 -0.135250   \n",
       "5   0.073751 -0.128018 -0.192643  0.062739 -0.131101  1.000000 -0.089307   \n",
       "6   0.319757 -0.092926 -0.199044 -0.120000 -0.135250 -0.089307  1.000000   \n",
       "7  -0.236095  0.154205 -0.015310 -0.255410 -0.056783 -0.163260 -0.131652   \n",
       "8  -0.128879 -0.091998  0.039074 -0.141374  0.219947 -0.096853 -0.122269   \n",
       "9   0.057253 -0.059900 -0.172780 -0.071428 -0.104511  0.001530 -0.080258   \n",
       "10  0.069757 -0.183065 -0.291848  0.109886 -0.187800  0.092732 -0.115662   \n",
       "11 -0.109916 -0.196961 -0.300100  0.510130 -0.179504  0.024347  0.111898   \n",
       "12 -0.159303 -0.106808 -0.197728  0.255557 -0.125529 -0.005125 -0.152621   \n",
       "13  0.184835 -0.287320 -0.471223  0.433963 -0.290484  0.155804  0.321647   \n",
       "14 -0.111101  0.119700  0.036906 -0.181590 -0.066710 -0.101892 -0.102148   \n",
       "15  0.051682 -0.129344 -0.005109  0.025340 -0.012124  0.010605 -0.018155   \n",
       "16 -0.034295 -0.114750 -0.207350  0.498237 -0.116895  0.031415 -0.071944   \n",
       "17  0.151951 -0.079504 -0.068967 -0.111729 -0.077563 -0.007543  0.001572   \n",
       "18  0.077930 -0.067454  0.017309 -0.148190  0.030472 -0.095382  0.014486   \n",
       "19 -0.033813 -0.089174 -0.091844 -0.019979 -0.081852 -0.000211 -0.124249   \n",
       "\n",
       "          7         8         9         10        11        12        13  \\\n",
       "0  -0.236095 -0.128879  0.057253  0.069757 -0.109916 -0.159303  0.184835   \n",
       "1   0.154205 -0.091998 -0.059900 -0.183065 -0.196961 -0.106808 -0.287320   \n",
       "2  -0.015310  0.039074 -0.172780 -0.291848 -0.300100 -0.197728 -0.471223   \n",
       "3  -0.255410 -0.141374 -0.071428  0.109886  0.510130  0.255557  0.433963   \n",
       "4  -0.056783  0.219947 -0.104511 -0.187800 -0.179504 -0.125529 -0.290484   \n",
       "5  -0.163260 -0.096853  0.001530  0.092732  0.024347 -0.005125  0.155804   \n",
       "6  -0.131652 -0.122269 -0.080258 -0.115662  0.111898 -0.152621  0.321647   \n",
       "7   1.000000 -0.137578  0.185675 -0.254794 -0.311383  0.237230 -0.330774   \n",
       "8  -0.137578  1.000000 -0.089616 -0.089903 -0.120842 -0.123754 -0.192877   \n",
       "9   0.185675 -0.089616  1.000000 -0.054176 -0.141247  0.077633 -0.056631   \n",
       "10 -0.254794 -0.089903 -0.054176  1.000000  0.144188 -0.058904  0.133940   \n",
       "11 -0.311383 -0.120842 -0.141247  0.144188  1.000000 -0.067948  0.479047   \n",
       "12  0.237230 -0.123754  0.077633 -0.058904 -0.067948  1.000000  0.008303   \n",
       "13 -0.330774 -0.192877 -0.056631  0.133940  0.479047  0.008303  1.000000   \n",
       "14  0.255114 -0.080858 -0.052369 -0.163273 -0.175459 -0.037941 -0.096829   \n",
       "15 -0.214128  0.009507 -0.093180  0.074756  0.226131 -0.118298  0.035830   \n",
       "16 -0.194228  0.019488 -0.011973 -0.026815  0.136482  0.067924  0.289950   \n",
       "17 -0.055369 -0.086913 -0.053306  0.134221  0.003150 -0.069988 -0.038587   \n",
       "18 -0.034705  0.281763 -0.069815 -0.079474 -0.133433 -0.107776 -0.052216   \n",
       "19 -0.046849 -0.093953  0.033830  0.365996 -0.076191  0.046993 -0.104092   \n",
       "\n",
       "          14        15        16        17        18        19  \n",
       "0  -0.111101  0.051682 -0.034295  0.151951  0.077930 -0.033813  \n",
       "1   0.119700 -0.129344 -0.114750 -0.079504 -0.067454 -0.089174  \n",
       "2   0.036906 -0.005109 -0.207350 -0.068967  0.017309 -0.091844  \n",
       "3  -0.181590  0.025340  0.498237 -0.111729 -0.148190 -0.019979  \n",
       "4  -0.066710 -0.012124 -0.116895 -0.077563  0.030472 -0.081852  \n",
       "5  -0.101892  0.010605  0.031415 -0.007543 -0.095382 -0.000211  \n",
       "6  -0.102148 -0.018155 -0.071944  0.001572  0.014486 -0.124249  \n",
       "7   0.255114 -0.214128 -0.194228 -0.055369 -0.034705 -0.046849  \n",
       "8  -0.080858  0.009507  0.019488 -0.086913  0.281763 -0.093953  \n",
       "9  -0.052369 -0.093180 -0.011973 -0.053306 -0.069815  0.033830  \n",
       "10 -0.163273  0.074756 -0.026815  0.134221 -0.079474  0.365996  \n",
       "11 -0.175459  0.226131  0.136482  0.003150 -0.133433 -0.076191  \n",
       "12 -0.037941 -0.118298  0.067924 -0.069988 -0.107776  0.046993  \n",
       "13 -0.096829  0.035830  0.289950 -0.038587 -0.052216 -0.104092  \n",
       "14  1.000000 -0.100288 -0.098751 -0.076271 -0.022804 -0.069957  \n",
       "15 -0.100288  1.000000 -0.026212  0.139213 -0.094622 -0.103600  \n",
       "16 -0.098751 -0.026212  1.000000 -0.052508  0.036546 -0.084757  \n",
       "17 -0.076271  0.139213 -0.052508  1.000000 -0.055510  0.002146  \n",
       "18 -0.022804 -0.094622  0.036546 -0.055510  1.000000 -0.090381  \n",
       "19 -0.069957 -0.103600 -0.084757  0.002146 -0.090381  1.000000  "
      ]
     },
     "execution_count": 5,
     "metadata": {},
     "output_type": "execute_result"
    }
   ],
   "source": [
    "import pandas as pd\n",
    "doc_topic = pd.DataFrame(ldamodel.doc_topic_)\n",
    "topic_correlations = doc_topic.corr()\n",
    "topic_correlations"
   ]
  },
  {
   "cell_type": "markdown",
   "metadata": {},
   "source": [
    "Eine solche Tabelle lässt sich direkt als Netzwerk interpretieren: In der Netzwerktheorie ist eine quadratische Matrix eine Repräsentation der Kanten. Die Zellwerte stellen dann das Kantengewicht dar.\n",
    "\n",
    "Da in dieser Matrix jedoch alle Topics miteinander verbunden sind, ist es nützlich, zuvor etwas zu filtern. Hier werden alle negativen oder sehr schwachen Korrelationen gelöscht, die entsprechenden Topics sind im Netzwerk also nicht verbunden."
   ]
  },
  {
   "cell_type": "code",
   "execution_count": 6,
   "metadata": {
    "collapsed": false
   },
   "outputs": [],
   "source": [
    "topic_correlations[topic_correlations < 0.1] = 0"
   ]
  },
  {
   "cell_type": "markdown",
   "metadata": {},
   "source": [
    "Die Diagonale der Korrelationsmatrix ist per Definition 1. Da im Netzwerk aber Beziehungen der Knoten zu sich selbst (sogenannte *loops*) in diesem Fall nicht sinnvoll sind, werden sie ebenfalls gelöscht.\n",
    "\n",
    "Ein `DataFrame` erlaubt dies nicht direkt, aber numpy stellt hierfür eine Funktion bereit. Sie funktioniert aber nur mit einer Matrix, nicht mit einem DataFrame. Hier hilft ein Kniff: `DataFrame.values` enthält eine Matrix-Repräsentation des DataFrame."
   ]
  },
  {
   "cell_type": "code",
   "execution_count": 7,
   "metadata": {
    "collapsed": false
   },
   "outputs": [
    {
     "data": {
      "text/html": [
       "<div style=\"max-height:1000px;max-width:1500px;overflow:auto;\">\n",
       "<table border=\"1\" class=\"dataframe\">\n",
       "  <thead>\n",
       "    <tr style=\"text-align: right;\">\n",
       "      <th></th>\n",
       "      <th>0</th>\n",
       "      <th>1</th>\n",
       "      <th>2</th>\n",
       "      <th>3</th>\n",
       "      <th>4</th>\n",
       "      <th>5</th>\n",
       "      <th>6</th>\n",
       "      <th>7</th>\n",
       "      <th>8</th>\n",
       "      <th>9</th>\n",
       "      <th>10</th>\n",
       "      <th>11</th>\n",
       "      <th>12</th>\n",
       "      <th>13</th>\n",
       "      <th>14</th>\n",
       "      <th>15</th>\n",
       "      <th>16</th>\n",
       "      <th>17</th>\n",
       "      <th>18</th>\n",
       "      <th>19</th>\n",
       "    </tr>\n",
       "  </thead>\n",
       "  <tbody>\n",
       "    <tr>\n",
       "      <th>0 </th>\n",
       "      <td> 0.000000</td>\n",
       "      <td> 0.000000</td>\n",
       "      <td> 0.000000</td>\n",
       "      <td> 0.000000</td>\n",
       "      <td> 0.000000</td>\n",
       "      <td> 0.000000</td>\n",
       "      <td> 0.319757</td>\n",
       "      <td> 0.000000</td>\n",
       "      <td> 0.000000</td>\n",
       "      <td> 0.000000</td>\n",
       "      <td> 0.000000</td>\n",
       "      <td> 0.000000</td>\n",
       "      <td> 0.000000</td>\n",
       "      <td> 0.184835</td>\n",
       "      <td> 0.000000</td>\n",
       "      <td> 0.000000</td>\n",
       "      <td> 0.000000</td>\n",
       "      <td> 0.151951</td>\n",
       "      <td> 0.000000</td>\n",
       "      <td> 0.000000</td>\n",
       "    </tr>\n",
       "    <tr>\n",
       "      <th>1 </th>\n",
       "      <td> 0.000000</td>\n",
       "      <td> 0.000000</td>\n",
       "      <td> 0.000000</td>\n",
       "      <td> 0.000000</td>\n",
       "      <td> 0.000000</td>\n",
       "      <td> 0.000000</td>\n",
       "      <td> 0.000000</td>\n",
       "      <td> 0.154205</td>\n",
       "      <td> 0.000000</td>\n",
       "      <td> 0.000000</td>\n",
       "      <td> 0.000000</td>\n",
       "      <td> 0.000000</td>\n",
       "      <td> 0.000000</td>\n",
       "      <td> 0.000000</td>\n",
       "      <td> 0.119700</td>\n",
       "      <td> 0.000000</td>\n",
       "      <td> 0.000000</td>\n",
       "      <td> 0.000000</td>\n",
       "      <td> 0.000000</td>\n",
       "      <td> 0.000000</td>\n",
       "    </tr>\n",
       "    <tr>\n",
       "      <th>2 </th>\n",
       "      <td> 0.000000</td>\n",
       "      <td> 0.000000</td>\n",
       "      <td> 0.000000</td>\n",
       "      <td> 0.000000</td>\n",
       "      <td> 0.142806</td>\n",
       "      <td> 0.000000</td>\n",
       "      <td> 0.000000</td>\n",
       "      <td> 0.000000</td>\n",
       "      <td> 0.000000</td>\n",
       "      <td> 0.000000</td>\n",
       "      <td> 0.000000</td>\n",
       "      <td> 0.000000</td>\n",
       "      <td> 0.000000</td>\n",
       "      <td> 0.000000</td>\n",
       "      <td> 0.000000</td>\n",
       "      <td> 0.000000</td>\n",
       "      <td> 0.000000</td>\n",
       "      <td> 0.000000</td>\n",
       "      <td> 0.000000</td>\n",
       "      <td> 0.000000</td>\n",
       "    </tr>\n",
       "    <tr>\n",
       "      <th>3 </th>\n",
       "      <td> 0.000000</td>\n",
       "      <td> 0.000000</td>\n",
       "      <td> 0.000000</td>\n",
       "      <td> 0.000000</td>\n",
       "      <td> 0.000000</td>\n",
       "      <td> 0.000000</td>\n",
       "      <td> 0.000000</td>\n",
       "      <td> 0.000000</td>\n",
       "      <td> 0.000000</td>\n",
       "      <td> 0.000000</td>\n",
       "      <td> 0.109886</td>\n",
       "      <td> 0.510130</td>\n",
       "      <td> 0.255557</td>\n",
       "      <td> 0.433963</td>\n",
       "      <td> 0.000000</td>\n",
       "      <td> 0.000000</td>\n",
       "      <td> 0.498237</td>\n",
       "      <td> 0.000000</td>\n",
       "      <td> 0.000000</td>\n",
       "      <td> 0.000000</td>\n",
       "    </tr>\n",
       "    <tr>\n",
       "      <th>4 </th>\n",
       "      <td> 0.000000</td>\n",
       "      <td> 0.000000</td>\n",
       "      <td> 0.142806</td>\n",
       "      <td> 0.000000</td>\n",
       "      <td> 0.000000</td>\n",
       "      <td> 0.000000</td>\n",
       "      <td> 0.000000</td>\n",
       "      <td> 0.000000</td>\n",
       "      <td> 0.219947</td>\n",
       "      <td> 0.000000</td>\n",
       "      <td> 0.000000</td>\n",
       "      <td> 0.000000</td>\n",
       "      <td> 0.000000</td>\n",
       "      <td> 0.000000</td>\n",
       "      <td> 0.000000</td>\n",
       "      <td> 0.000000</td>\n",
       "      <td> 0.000000</td>\n",
       "      <td> 0.000000</td>\n",
       "      <td> 0.000000</td>\n",
       "      <td> 0.000000</td>\n",
       "    </tr>\n",
       "    <tr>\n",
       "      <th>5 </th>\n",
       "      <td> 0.000000</td>\n",
       "      <td> 0.000000</td>\n",
       "      <td> 0.000000</td>\n",
       "      <td> 0.000000</td>\n",
       "      <td> 0.000000</td>\n",
       "      <td> 0.000000</td>\n",
       "      <td> 0.000000</td>\n",
       "      <td> 0.000000</td>\n",
       "      <td> 0.000000</td>\n",
       "      <td> 0.000000</td>\n",
       "      <td> 0.000000</td>\n",
       "      <td> 0.000000</td>\n",
       "      <td> 0.000000</td>\n",
       "      <td> 0.155804</td>\n",
       "      <td> 0.000000</td>\n",
       "      <td> 0.000000</td>\n",
       "      <td> 0.000000</td>\n",
       "      <td> 0.000000</td>\n",
       "      <td> 0.000000</td>\n",
       "      <td> 0.000000</td>\n",
       "    </tr>\n",
       "    <tr>\n",
       "      <th>6 </th>\n",
       "      <td> 0.319757</td>\n",
       "      <td> 0.000000</td>\n",
       "      <td> 0.000000</td>\n",
       "      <td> 0.000000</td>\n",
       "      <td> 0.000000</td>\n",
       "      <td> 0.000000</td>\n",
       "      <td> 0.000000</td>\n",
       "      <td> 0.000000</td>\n",
       "      <td> 0.000000</td>\n",
       "      <td> 0.000000</td>\n",
       "      <td> 0.000000</td>\n",
       "      <td> 0.111898</td>\n",
       "      <td> 0.000000</td>\n",
       "      <td> 0.321647</td>\n",
       "      <td> 0.000000</td>\n",
       "      <td> 0.000000</td>\n",
       "      <td> 0.000000</td>\n",
       "      <td> 0.000000</td>\n",
       "      <td> 0.000000</td>\n",
       "      <td> 0.000000</td>\n",
       "    </tr>\n",
       "    <tr>\n",
       "      <th>7 </th>\n",
       "      <td> 0.000000</td>\n",
       "      <td> 0.154205</td>\n",
       "      <td> 0.000000</td>\n",
       "      <td> 0.000000</td>\n",
       "      <td> 0.000000</td>\n",
       "      <td> 0.000000</td>\n",
       "      <td> 0.000000</td>\n",
       "      <td> 0.000000</td>\n",
       "      <td> 0.000000</td>\n",
       "      <td> 0.185675</td>\n",
       "      <td> 0.000000</td>\n",
       "      <td> 0.000000</td>\n",
       "      <td> 0.237230</td>\n",
       "      <td> 0.000000</td>\n",
       "      <td> 0.255114</td>\n",
       "      <td> 0.000000</td>\n",
       "      <td> 0.000000</td>\n",
       "      <td> 0.000000</td>\n",
       "      <td> 0.000000</td>\n",
       "      <td> 0.000000</td>\n",
       "    </tr>\n",
       "    <tr>\n",
       "      <th>8 </th>\n",
       "      <td> 0.000000</td>\n",
       "      <td> 0.000000</td>\n",
       "      <td> 0.000000</td>\n",
       "      <td> 0.000000</td>\n",
       "      <td> 0.219947</td>\n",
       "      <td> 0.000000</td>\n",
       "      <td> 0.000000</td>\n",
       "      <td> 0.000000</td>\n",
       "      <td> 0.000000</td>\n",
       "      <td> 0.000000</td>\n",
       "      <td> 0.000000</td>\n",
       "      <td> 0.000000</td>\n",
       "      <td> 0.000000</td>\n",
       "      <td> 0.000000</td>\n",
       "      <td> 0.000000</td>\n",
       "      <td> 0.000000</td>\n",
       "      <td> 0.000000</td>\n",
       "      <td> 0.000000</td>\n",
       "      <td> 0.281763</td>\n",
       "      <td> 0.000000</td>\n",
       "    </tr>\n",
       "    <tr>\n",
       "      <th>9 </th>\n",
       "      <td> 0.000000</td>\n",
       "      <td> 0.000000</td>\n",
       "      <td> 0.000000</td>\n",
       "      <td> 0.000000</td>\n",
       "      <td> 0.000000</td>\n",
       "      <td> 0.000000</td>\n",
       "      <td> 0.000000</td>\n",
       "      <td> 0.185675</td>\n",
       "      <td> 0.000000</td>\n",
       "      <td> 0.000000</td>\n",
       "      <td> 0.000000</td>\n",
       "      <td> 0.000000</td>\n",
       "      <td> 0.000000</td>\n",
       "      <td> 0.000000</td>\n",
       "      <td> 0.000000</td>\n",
       "      <td> 0.000000</td>\n",
       "      <td> 0.000000</td>\n",
       "      <td> 0.000000</td>\n",
       "      <td> 0.000000</td>\n",
       "      <td> 0.000000</td>\n",
       "    </tr>\n",
       "    <tr>\n",
       "      <th>10</th>\n",
       "      <td> 0.000000</td>\n",
       "      <td> 0.000000</td>\n",
       "      <td> 0.000000</td>\n",
       "      <td> 0.109886</td>\n",
       "      <td> 0.000000</td>\n",
       "      <td> 0.000000</td>\n",
       "      <td> 0.000000</td>\n",
       "      <td> 0.000000</td>\n",
       "      <td> 0.000000</td>\n",
       "      <td> 0.000000</td>\n",
       "      <td> 0.000000</td>\n",
       "      <td> 0.144188</td>\n",
       "      <td> 0.000000</td>\n",
       "      <td> 0.133940</td>\n",
       "      <td> 0.000000</td>\n",
       "      <td> 0.000000</td>\n",
       "      <td> 0.000000</td>\n",
       "      <td> 0.134221</td>\n",
       "      <td> 0.000000</td>\n",
       "      <td> 0.365996</td>\n",
       "    </tr>\n",
       "    <tr>\n",
       "      <th>11</th>\n",
       "      <td> 0.000000</td>\n",
       "      <td> 0.000000</td>\n",
       "      <td> 0.000000</td>\n",
       "      <td> 0.510130</td>\n",
       "      <td> 0.000000</td>\n",
       "      <td> 0.000000</td>\n",
       "      <td> 0.111898</td>\n",
       "      <td> 0.000000</td>\n",
       "      <td> 0.000000</td>\n",
       "      <td> 0.000000</td>\n",
       "      <td> 0.144188</td>\n",
       "      <td> 0.000000</td>\n",
       "      <td> 0.000000</td>\n",
       "      <td> 0.479047</td>\n",
       "      <td> 0.000000</td>\n",
       "      <td> 0.226131</td>\n",
       "      <td> 0.136482</td>\n",
       "      <td> 0.000000</td>\n",
       "      <td> 0.000000</td>\n",
       "      <td> 0.000000</td>\n",
       "    </tr>\n",
       "    <tr>\n",
       "      <th>12</th>\n",
